   0.0774636170945186  -0.00547878761477672
  -0.0138122661587814    0.0563349757074429
   0.0545456936430239    0.0310105985247613
  -0.0491291563362379    0.0250495534668987
   0.0462382421549074    -0.040223935691128
   0.0679362856181745    0.0163300499124104
   0.0634893836526298   0.00972031195362166
   0.0584465895029778    0.0126467118408184
   0.0658344626537484    0.0125952687351807
   0.0650019393719291    0.0132047853016476
   0.0558533154346157    0.0113757809682565
  -0.0956799756849371    -0.107596017761784
  -0.0757927819070918   -0.0985208319928483
  0.00269406281465726    -0.033765070080346
  0.00411737293988822    -0.034246196804071
 -0.00917456249875653   -0.0528848093067388
  -0.0163819963025433   -0.0416251313121138
   0.0285383137427371   -0.0175491061998004
  0.00817263674982464   -0.0683539809228923
  -0.0460811114484643   -0.0421124300662251
   0.0146091085393993   -0.0370428361183925
   0.0183896060077063  -0.00639497741766499
  0.00552872792771302   -0.0788702248051844
  -0.0535341533957797   0.00908250040705425
  -0.0945052957551176   -0.0916893952167509
  0.00383913125894201   -0.0842849189824803
   -0.101713423796951    -0.109606447221856
  -0.0945366211002239    -0.102701136014815
   -0.095130355277243    -0.109602166796657
  -0.0734091085149483   -0.0852468363743987
 -0.00827638733023649   -0.0443426385327982
   0.0279611322836899   -0.0208246012629178
   0.0598490355387458     0.010594916704492
   0.0796380242880076    0.0221725544593277
   0.0392993396452576    0.0101979662026263
  0.00108232574557213  -0.00803032679137228
   0.0364815760384705   0.00249722879518865
   0.0543966287887204    0.0415324927213563
   0.0362796349155715   0.00941812995673143
  -0.0243622605956537   -0.0465923068248966
   0.0487027249829521    0.0335548785850441
   0.0612976831319212    -0.029238058963738
  0.00478430940657786    0.0533161593611453
   0.0502795611937599    0.0355734753207591
   0.0486287794182426   -0.0242470895509889
   0.0636569925468481   0.00429002230944837
   0.0568092160810439   -0.0355487395668305
   0.0836079062477097    0.0810786929967664
   0.0270456732154267    0.0026947851940881
  -0.0291217914640331    0.0702058446191873
   0.0379267487558866   0.00883492891855565
  -0.0794077103973364   -0.0971277041030347
   -0.187828722354059    0.0939326500700975
 -0.00184422694043112   -0.0153946481943251
  -0.0400415503824019    0.0465001971055094
  -0.0418519234123452   -0.0318305685506378
  -0.0083215072029378   -0.0185845784332105
  -0.0137273746130107    0.0158902609372517
  -0.0228513133849251 -0.000485836827595956
  -0.0241822794192058    0.0130834921742222
  -0.0539817988099629     0.010668812498267
  -0.0447869089805578  -0.00541613859089913
  -0.0337811153133068    -0.025708101409984
   -0.195172756104416     0.100306814460505
  -0.0497378252958195    0.0496637366640262
  -0.0194285471908857    0.0199469089102505
  -0.0136988374731757    0.0123516650267489
  -0.0179955963078346    0.0203542022037598
   0.0117698454660374    -0.101638840899601
   0.0662002761257449    0.0221624927411736
    0.029914781894282     0.016319253482111
  0.00899065315834793     0.035305843057204
   0.0381193011616988    0.0618592573892437
  -0.0606686726098205    -0.103961064091867
   0.0503032724641492    -0.002158513761867
   0.0670511021474466  -0.00355702354171962
   -0.169561334880371    0.0836084666573824
    -0.19490347896685     0.101380721869765
  -0.0126849229869351    0.0472932481744229
  -0.0146775863053121    0.0529945119393584
   -0.019589076401587   -0.0208011467194802
  -0.0219907933641395     0.046132283380645
  -0.0236883960001688    0.0527659330741592
  -0.0203478372026835    0.0313258140143537
  -0.0120354979279418   -0.0145210730823627
  -0.0359882086632723    0.0321217962251829
  -0.0150947015898431    0.0330260643804324
  0.00580795022976364   -0.0135162452454835
  -0.0154998746101261   -0.0151366204227739
   0.0014661917174604   -0.0149322431154481
   -0.016478752490385   -0.0088632543602957
  -0.0166053561712432   -0.0149991308970887
  -0.0341949718309144    0.0698721474949376
 -0.00855724715702301     0.025185539522531
-0.000266476830417019    0.0154485104744946
 -0.00153047722666198   -0.0184424464506409
  0.00282371891777392   -0.0221579460774513
   -0.166462847972014    0.0629706071016858
  -0.0106682304295804   -0.0225938305944895
  -0.0120571198825804   0.00582271781935475
 -0.00353188453943971   -0.0185211418137621
  0.00475382356408926   -0.0118706856698515
   -0.151333573953708    0.0935422683347066
 -0.00295199733596183    0.0328908243819382
   0.0276584341966303     0.028376939331682
   0.0668010318915352    0.0495062814848237
  0.00666554209701317  -0.00938716637643255
   0.0641993904438507    0.0890775396029765
  0.00239698232795968    -0.092145860865134
  -0.0191290174202836    0.0345013767440317
  -0.0211676671628373   -0.0246422304967215
  0.00973947026761126   -0.0313445753727316
 9.65929262065323e-05   -0.0403581068861509
   -0.056144462473761    0.0764488058950882
  -0.0144837389678417   -0.0250995405273839
   -0.019935841424879    0.0225717363370982
  -0.0149194159171749    0.0322940336495873
   -0.028192980265921    0.0215854431445442
   -0.157039764467405    0.0826139139323425
 -0.00100113596568777   -0.0126960849567544
   -0.182411721642555    0.0851334710094034
   -0.182471413630222    0.0851974659083581
   -0.025257505885653   -0.0170412193289267
  -0.0302812533736851    0.0266565114333341
  -0.0165099106759784   -0.0152439970245997
 -0.00998324681393141   -0.0254570863597385
   -0.170341359105954    0.0960427637258179
  0.00136119389434371    0.0176524958528341
   0.0388091663947437    0.0543509408930625
   0.0413299329645982    0.0593453721098755
   0.0137000104747357    0.0297173866367664
   -0.024159463337447   -0.0287341928657599
   0.0152870200038124    -0.084991648959579
   0.0553843016664921   -0.0122945017173073
  -0.0114889204879264   -0.0883247967262142
   0.0474060321339994    0.0289167260249949
   0.0490594446721871    0.0788872829107663
  0.00324778436897707     -0.11180156977466
  -0.0886548693252568   -0.0946124386942396
   -0.182960390639792     0.099821885450543
   0.0205569773541423    0.0567588421444413
 -0.00713537467964686  -0.00295196143759735
   0.0561152126717576    0.0498924874883783
 -0.00745840885572524   -0.0898362512701983
   0.0535462046262264    0.0786149046371142
     0.06607501222968    0.0848914954966535
 -0.00398758832637939  -0.00693348597878361
 -0.00188948267115915    -0.011828613293886
   0.0644520712510649    0.0913773064663013
   -0.162670333984246    0.0545553280811143
   0.0411290841660017    0.0556155385929967
   0.0224049954058379   -0.0881313918343323
  -0.0271839498423875   -0.0928045885353439
  0.00555251063089831    -0.117665332110006
    0.035310939387135   -0.0565181417006205
  0.00195792763380362    -0.129739257005537
   0.0747191093737561    0.0132231119235898
  -0.0709267729368998     0.118306296552724
   0.0535608732219979    0.0214716105362466
  -0.0563793043016925    0.0227992024865758
   0.0359768850901707   -0.0249585615812645
   0.0779981461595972    0.0902167397988966
  -0.0218014476780495    0.0846437007061793
  -0.0281520136938269   -0.0738396268680955
   0.0642513064401186    0.0250073731332723
   0.0516916255379496   -0.0230668918882747
   0.0438235077229835    0.0582706327875514
   0.0792581063637844    0.0648383146644438
   0.0550580378496394    0.0816888624966005
   0.0452254069545649   -0.0221950927749408
  0.00127142449117963    0.0419043248571954
   0.0126547909195924   -0.0484993966930867
  -0.0233480220349484    0.0294454400795648
   0.0134560571122402   -0.0771461815816334
   0.0654387568404535   0.00600263762694248
 -0.00766890374920236    0.0491076709003519
  0.00776323404280237  -0.00861508045131542
  -0.0380053804833874   -0.0220218729212899
  -0.0109125341178211  -0.00545197814333701
    0.060220720048597  -0.00737283803836508
   0.0159001666174169  -0.00384711330099006
   0.0671384856885096    0.0950698119477161
   0.0499128506564478  -0.00759461431924684
   0.0784355892330665    0.0248117821382563
 0.000651414530088478    -0.111019763832623
   0.0592156966105801  -0.00824243345397665
   0.0361941532654114    0.0553283749276394
   0.0636935184286347  -0.00577177069799349
  0.00357613827335042   -0.0786238916169124
  -0.0357063980884277   -0.0446439203304149
   0.0519998561507874   -0.0243817268545316
  0.00501158849480239    0.0705204556216777
   0.0696679011597438    0.0446364708361184
   0.0382431271757355    0.0291091693707723
  0.00396457838288631   -0.0255298875640212
   0.0519159178573163  -0.00578389785196851
 -0.00482866104986328    -0.012833299845128
   0.0123510647195974    -0.113633996943134
   0.0541213865657316  0.000321860585736108
   0.0716388252035007    0.0539826225586599
 -0.00805704015742184    -0.101137374175867
  0.00587378574093239    0.0415521623655681
   0.0105967699422096   -0.0962361591055246
  -0.0148431159918733    -0.100703613426183
  -0.0172125494114084   -0.0303465562502043
   0.0025501041256762     0.057785892156882
  -0.0277847771997071    0.0292897172356964
   -0.121402861121289    0.0766099920278974
   0.0108291462341492    -0.080600717413344
   0.0193953394976819   -0.0972968174304538
   0.0210489706195674   -0.0796488781523373
    0.066484809089557    0.0525787552063781
   0.0067839815120187    -0.107877479559694
   0.0449648782602817   -0.0405378389743126
   0.0170667808600804    0.0276192581776901
   0.0782210543115229    0.0910239236502191
   0.0135185761902193   -0.0956048032797504
  0.00568366698865039   -0.0231682394013345
   0.0784245850604295      0.03068476286461
  -0.0374021178517756    -0.102030936529729
   0.0701256770226698    0.0263310682432153
  -0.0078028497041557     -0.10071378832887
   0.0107493056889359    -0.111064936387367
    0.034423641730611    0.0550769400032218
  -0.0775822187772635   -0.0898117271921705
   0.0314090218775134    0.0731707784421758
    0.014691543306757   -0.0584861196895939
   0.0634928120128405     0.095908655690667
  -0.0896268565020898   -0.0920232393679833
   0.0632900965997171    0.0482972972237823
  0.00136305154922326    -0.110823190197729
  0.00546555815853895   -0.0992693500419925
    0.069891660233733    0.0504794237923087
  -0.0235859277595374    0.0305931326258278
   0.0541990304193466  -0.00291810241757815
   0.0588589517871837  -0.00490741388504015
   -0.157884132841901    0.0892048180532078
    0.059023065014028    0.0205067403545965
   0.0541553135005612   0.00876929971989437
   -0.089723407582861    -0.090997208676444
   0.0566450933606358   -0.0103596126416966
   0.0576807178933041   0.00390689512355517
   0.0671203857514286     0.088290949752262
  -0.0175910264486015     -0.01271310388191
   0.0100774345425729   0.00412379451754535
   0.0337425351421903    0.0828152634746452
 -0.00582606013615246    -0.104328550570061
   0.0712376335212097    0.0539993460824066
  -0.0038328433174547   0.00567361793935268
   0.0447407785987635    0.0524305724632668
  -0.0179854981609376    0.0533048922338233
   0.0582401512083872   0.00122868834122639
  0.00930016449104277    -0.037971820042933
     0.06309753418881    0.0403230032565867
  -0.0192501843270545   0.00682943284408389
   0.0316489601490814    0.0723591055979114
  -0.0224703278243557   -0.0218776468521195
  -0.0932062405130779     0.103716805841318
  -0.0736917244646677   -0.0377312943375141
   0.0285895355489755    0.0610830102205457
   0.0676163522457988    0.0360604726395138
   0.0370146817490623     0.050914810600008
   0.0607897732622667    0.0734642513802787
   0.0316571321942908     0.070880534343616
  -0.0643764237907414   -0.0292796143558568
   0.0547887040537007    0.0221408190467865
   0.0180975016199549   -0.0374791140304118
   0.0754967507012556     0.097468849372218
   0.0379182254303562    0.0335669292316339
  0.00427065154653516     -0.11527658614581
   0.0163029772254479   -0.0959108986401356
  0.00332099604202799   -0.0623002180732084
   0.0622498669129304  -0.00495862226013796
   0.0157361826582861   -0.0642498499272901
   0.0506090650231215    0.0532689485916443
  0.00306379946974057    -0.114851558642616
   0.0333777152050905    0.0610350963757871
 -0.00964721311602026   -0.0177846890856744
  -0.0126644711479421 -0.000673752329027994
   -0.019564287930367  0.000916932447832872
  0.00605089280876553    -0.111895486854353
   0.0697656089513436    0.0259129983506227
   0.0174754293910143    0.0739954420740687
   -0.017919552133304   -0.0123994882089142
  -0.0128376179542614   -0.0329763068064621
   -0.184697093141452     0.109591641198304
  -0.0190105085511907   -0.0340597686447509
  -0.0641621502013458   -0.0316128821421672
  -0.0520384214471826   -0.0271095362342384
  -0.0316999067032389    0.0381248104667727
  -0.0244100945682295   0.00531151866723576
   0.0141967435255705    0.0074640380622478
  -0.0290902027977798   -0.0631089332186076
   -0.180882899671301     0.101670489728034
  -0.0313695459860296   -0.0148974916400569
