 0.000148941192375954   -0.0466911007007784
 -0.00968104181251365   -0.0368556761572051
  0.00774653211648911    -0.045028193811449
  -0.0178515880035134   -0.0390725292133392
  0.00335535195773786   -0.0307843444397072
  -0.0120180880751873    -0.046483433936784
  -0.0173099891254222   -0.0504367422903635
  -0.0159218357839902   -0.0412698287774207
  -0.0226831974720682    -0.043457822947378
   0.0015349504838867   -0.0651999236879049
  -0.0114007164125564   -0.0463507216535678
  -0.0178111541472321   -0.0383036695246678
  -0.0105356614524573   -0.0507399156882654
  -0.0384494831014374   -0.0414280726649273
  -0.0146797158925078   -0.0484493828008628
  -0.0195649160877115   -0.0223703269146559
 -0.00443153774203572   -0.0425846281499369
 -0.00501096290403309   -0.0195257093539472
  0.00747015265976765   -0.0475114833129008
  -0.0251281915408814   -0.0454621693431944
  -0.0348516148591179   -0.0416106775095812
  -0.0306120645771647    -0.060407427652416
  -0.0187834202123624   -0.0436381373731672
  -0.0310209158643512   -0.0365152511585557
 -0.00983991383687945   -0.0262400945355298
  -0.0290623139173354   -0.0392546645989051
   -0.033506908747717   -0.0377802865437069
  -0.0188546313549797   -0.0326985580779063
  -0.0156145203683661   -0.0321883728599845
  -0.0054177001752242   -0.0435688117352119
  -0.0305562413533077   -0.0581518506539704
  -0.0044350433558162   -0.0459341520991907
 -0.00720733906712048   -0.0449121337957587
  -0.0170686222459557   -0.0558392895845197
  -0.0173043120503251   -0.0336185124872504
  -0.0111052186526457   -0.0503158936919323
   -0.016375822177245   -0.0445678249317383
  -0.0176485467751019   -0.0582741860023393
  -0.0323080420291453   -0.0425264896723888
  -0.0254617737513131   -0.0339004478567719
  -0.0307329092507258   -0.0585452257492334
  -0.0155837920751874   -0.0410529370946211
    -0.02116462665527   -0.0350520584088887
 -0.00800850260001302   -0.0292774547293358
  -0.0198501519687744   -0.0399499070780035
  -0.0207077800019512    -0.031402254897575
  -0.0239004564318769   -0.0306527993975127
  -0.0323879544295776   -0.0340195434533284
    -0.01154903371869   -0.0215705973015694
   0.0188290783593534   -0.0190781854930993
  -0.0363259951631825   -0.0477083188932221
   -0.011781811588691   -0.0610629508708562
-0.000174328262123633   -0.0649656406846004
  -0.0356486281602471   -0.0399915388397589
  0.00270073346381943   -0.0297650154376689
  -0.0276656472040661   -0.0207057985197239
  -0.0142115507795743   -0.0494263986360844
-0.000356842085337951   -0.0394932930298726
 -0.00870546773643138   -0.0427091318992901
  0.00338602098564872   -0.0395127759869095
  -0.0251233378698141   -0.0547777530134906
 -0.00222005908320306   -0.0559081773632124
  -0.0126481880841171   -0.0576375908233327
  -0.0110222112484767   -0.0491648448389817
  -0.0183456222892734   -0.0535040525874473
  -0.0238209568351262   -0.0359708142617615
   0.0130713397959125   -0.0202902979367627
   -0.015420958725528   -0.0353177961834734
 -0.00925629863072294   -0.0631587512207126
   -0.011094310034132   -0.0337589979186898
 -0.00995864106065141   -0.0308683208598676
  -0.0253310458452132   -0.0471734166216792
  -0.0100517126927321   -0.0490863184031834
  -0.0193629998335398   -0.0270644310439432
  -0.0253330622771237   -0.0426607061011724
  -0.0375851370127894    -0.045743906343122
    0.010643237229748   -0.0620063713878248
-0.000550156588867823   -0.0329497303900112
  -0.0073269840992061   -0.0402329704141114
 -0.00748542857289849   -0.0572024983531919
  -0.0219935890962079    -0.037677535390745
   -0.013356695741131   -0.0145980027847487
  -0.0147605206122504   -0.0553631065747764
  -0.0130306050236739   -0.0277234479741228
  -0.0330369183809619   -0.0238837466361943
  -0.0125368389104215   -0.0311139706075136
  -0.0148829006014049   -0.0223302771944587
  -0.0162074261881588   -0.0238754981508922
  -0.0120752440852924   -0.0705249369626566
  -0.0173561139997232   -0.0401841457247579
  -0.0352012076006495   -0.0355056478529772
  -0.0159202369072339   -0.0371871479986824
  -0.0203940858201306    -0.029778458594546
  -0.0133236944486982     -0.05030462263974
  -0.0283457858869709   -0.0434308463520301
  -0.0345897527796045    -0.034688882868572
 -0.00533589669122388    -0.036362928348493
  -0.0276636724783406   -0.0426651583947709
  -0.0248629272129176   -0.0401192378655101
 -0.00423387560144113   -0.0251238265822768
  -0.0101553365718217   -0.0137844871015751
  -0.0129049879802923   -0.0289819099891675
  -0.0103825671269294   -0.0453511839288443
  -0.0227389442165152   -0.0275630153902166
  -0.0196464165099782    -0.041835464320342
  -0.0184393275663946   -0.0325774848050545
 -0.00466457809875583   -0.0238377071325941
  -0.0342281602913202   -0.0453035922330299
  -0.0404934642079821   -0.0301039854790356
  -0.0151970128457627   -0.0495460403967997
 -0.00447419115859128   -0.0461459663314239
 -0.00803509253051263    -0.048187963162419
 -0.00810011415342691   -0.0354223536783452
 -0.00323524977284138   -0.0301119166096158
  -0.0157667045655902   -0.0454096196507096
   -0.032546569125475   -0.0429101975294415
  -0.0171099735810329   -0.0287889356626348
 -0.00879868985563396   -0.0456122620894858
  -0.0103007831763724   -0.0440949921544992
   -0.018032878167199   -0.0460756842167682
  -0.0140089406860136   -0.0367643520955907
 -0.00894161892368119   -0.0406071256107299
   -0.015115188174902   -0.0438736425432306
  -0.0250006855283282   -0.0581106377890462
  -0.0189356555640644   -0.0299564426100671
  -0.0243046312331431   -0.0338784822287336
 -0.00148954643439236   -0.0336614096307387
  -0.0250192413344732   -0.0255533345479053
  -0.0415728577381473   -0.0454438917363369
 -0.00818810857315402   -0.0686940585202051
  -0.0325922325973042   -0.0491062309036154
  -0.0174570726182913   -0.0368558848603737
 -0.00735052282389106   -0.0351523212139978
 -0.00557154202638877   -0.0443138917372373
 -0.00355092527478228   -0.0475655779828524
  -0.0127777195377166   -0.0589977509654683
  -0.0146251309100177   -0.0468787710725835
 -0.00152364923948367   -0.0356573875967123
 -0.00479073615968322   -0.0545958418505767
  -0.0187355972949079   -0.0413051930147191
 -0.00515327488948805   -0.0317531855022226
  -0.0280001255050305   -0.0419033270888988
 -0.00308722658390899   -0.0571014908062932
  -0.0043186002070133   -0.0542372318551886
  -0.0250739833628769   -0.0359536446274823
   -0.016006878707505   -0.0319516907988688
  -0.0333348596612816   -0.0228154848181331
 -0.00868853274936164   -0.0528067371061156
   -0.017271145584713   -0.0512962141041802
  -0.0202720511396809   -0.0728963647049566
  -0.0194860098435432   -0.0449051705824609
  0.00213179227788728   -0.0633341868344987
  -0.0206761709648215   -0.0287098283504119
  -0.0207484189566024   -0.0326498243431291
  -0.0232111381111092   -0.0245931499501253
  0.00753042355082533   -0.0377032077511924
   -0.025144840948267   -0.0387271153700019
  -0.0104068285428083   -0.0311540362749776
  -0.0183210843443376   -0.0386867884170615
 -0.00555841340547754   -0.0528882668108902
  0.00220588601912777   -0.0361751384574571
   -0.011013310236505   -0.0321022723949328
  -0.0118138423585431   -0.0555831748676588
  -0.0293932915306617   -0.0284180891927466
  -0.0210476455305297   -0.0353784286894016
  -0.0180991815310151   -0.0344476695426615
  -0.0111383127488915   -0.0513096410722202
   0.0370168957662896    0.0205973839297779
   0.0340772619025024    0.0233433160892086
    0.028566489801074    0.0153808124893298
   0.0195833112001357    0.0172240696729219
   0.0266999277685208   -0.0029644702192697
   0.0276237899972059  -0.00414342276312296
     0.03267040630718 -0.000610147867312853
   0.0307177271433285    0.0157564741815637
   0.0181390583859143   0.00474491519344037
   0.0532126395504203    0.0189267771074936
   0.0282814621036117   0.00342652597721799
   0.0420391560550315     0.025096363895942
    0.045191212023517  -0.00621807522530224
   0.0468911485833693    0.0401307090196154
   0.0452873619804557    0.0047690839310143
   0.0533586564881203    0.0334251363720022
   0.0253054354787831   0.00203117402856241
   0.0466704177690918    0.0153617079091294
   0.0389484228047687    0.0194674811734561
   0.0505828130687372    0.0032205826809661
   0.0391580684070715   0.00342923625033705
   0.0265705795334009    0.0160046352370685
   0.0421625997060386   0.00358912607948873
  0.00909653188675911    0.0204443805260051
   0.0385187876202441     0.024664214284358
   0.0392149633530047  -0.00110239492346769
    0.053085721329243    0.0180939797014412
   0.0358706359196061   0.00549775808281544
   0.0255888674585286    0.0230623659352064
   0.0543041190613505    0.0117927457694961
   0.0503637600269068    0.0248227192865558
   0.0375616111350351   0.00328305766920184
   0.0409224597705667    0.0311579331018394
   0.0444348503274072    0.0273395518357804
   0.0319764036571693    0.0128121436077071
   0.0345351007541915    0.0283439404495008
   0.0403570292926473  -0.00652265108127259
   0.0339107891860099    0.0227783223099751
   0.0284310726908464     0.040349629501588
   0.0272841693348477    0.0105594285685353
   0.0367963561721207    0.0181007576465137
    0.019381051350412     0.027946104686553
   0.0285794679669686    0.0186872934224004
   0.0393731010719573   0.00566524110714904
   0.0322096947388103     0.025372045872931
   0.0374419427511291   0.00833829004882311
   0.0246532063997195    0.0219457589090603
    0.045059108172294    0.0167778167715181
   0.0449651749751393    0.0156053286197881
   0.0452426799216224  -0.00355838845899206
   0.0400066340407257   0.00204358194879163
   0.0382492448491469    0.0300044453012537
   0.0273963257064996    0.0127779793159696
   0.0458754412476528    0.0206949458628527
   0.0489353064407593    0.0210539872904205
   0.0381503415272511   0.00594932628192151
   0.0598120878519374    0.0313407709255197
   0.0406574380498516    0.0138430837280337
   0.0537564106754169    0.0270272039861618
   0.0423186426107528    0.0296738263235052
   0.0158747201658323    0.0152257757728311
   0.0544611472378353     0.015671425098129
   0.0540899701857078    0.0157822189954495
    0.025060693376351    0.0145144856461975
   0.0596453193762094    0.0200863674934957
   0.0465061942087092   0.00483331887923604
   0.0188825206199704    0.0104199250340863
   0.0272723313041268    0.0169354016562199
    0.045298929872747    0.0201203651936978
   0.0440482808071461   0.00651428862587515
   0.0521688208289193  -0.00136712019681252
   0.0314646316894407   0.00445019836768006
   0.0341039802952009    0.0387441042361646
      0.0476377447425    0.0155398096526301
   0.0460102409506231    0.0215897233021316
   0.0505319776866927    0.0143621662379815
   0.0371491711320715    0.0216139271498254
   0.0291950111116619    0.0247806330773455
   0.0434505805396033   0.00766242536854741
   0.0255906222336959    0.0120146585058562
   0.0281241419235104     0.019318147675781
   0.0213033206618435    0.0099353038222445
   0.0386821573225204    0.0178853138773517
   0.0504345518723489    0.0102835375870426
   0.0481202935066729   0.00464487197520427
   0.0336962472040902    0.0233833777437576
   0.0235184380613927    0.0236810795106791
   0.0396168034843728    0.0132233051465179
   0.0520019152246097    0.0150190368325167
   0.0482904274590805   0.00740711676595578
   0.0321339555364997    0.0151139371154559
   0.0275799858814143    0.0119347487750025
   0.0377583249444928    0.0133718156502034
    0.026572883815574    0.0375620614555555
   0.0481257375647555     0.029706172585491
   0.0596963265453752    0.0340638680454985
   0.0331750651509585    0.0232989066869499
   0.0154053859740982    0.0228942746459356
   0.0468099375269035    0.0231974185042985
   0.0455663744250789    0.0182402182528226
   0.0439781649430253  0.000688454408783793
   0.0184978888724046    0.0231308579065418
   0.0525858368977818    0.0257328126396751
   0.0427891592220495    0.0405905789022024
   0.0136003797601991    0.0036743448427626
   0.0297591108039251    0.0255674804046712
   0.0563820132043256    0.0347766623658627
   0.0395115884965207    0.0227816682525095
   0.0487581791979178    0.0413619534641512
   0.0323939419627992  -0.00611674298913317
   0.0229826794603823    0.0104397019480083
    0.030725782845248   0.00698844423393038
   0.0437514664163208    0.0199550323950299
   0.0466905132484386    0.0129953993179863
   0.0418781843028767    0.0236415455716108
   0.0264123960824434    0.0144382278811943
   0.0532857685642415     0.014176875540799
   0.0420917845762876    0.0107593407735051
   0.0411211285744043    0.0175060931270693
    0.029272236711851    0.0234804936738464
   0.0339956055730002    0.0196000993205605
   0.0644629327684717  -0.00123571913440489
   0.0292491509669935    0.0161546632375018
   0.0402491014964178    0.0231368169479707
   0.0280562110721026    0.0239063913218996
   0.0458534610002961    0.0138815177083432
   0.0478310004580405    0.0254357096977058
   0.0330751073786524    0.0163551754007638
   0.0363605578861881    0.0299086240192405
   0.0561648256969601    0.0212823903717887
   0.0258734274039579    0.0453443691438823
   0.0160302747127996  -0.00568719609173782
   0.0305903273991419    0.0102238286463863
   0.0334145950213328   0.00979570121484673
   0.0470349309377872    0.0254358026019681
   0.0341181905520485  -0.00897359244982648
   0.0328908014757944    0.0272386679361845
   0.0275491571800367    0.0143988030470316
   0.0384392350280679    0.0290302622977066
   0.0260200620529676  0.000642270701214239
   0.0371995245116764    0.0224736777598751
   0.0243441661477233    0.0220372812129726
   0.0358498162216606    0.0307391584936817
   0.0433530865253168  0.000591921471866621
    0.053412567613802     0.019685818814822
  0.00632268970481181  -0.00376141506435326
   0.0518083531636457    0.0403272490291688
   0.0306733469149953    0.0273135076781322
   0.0438869449534179 -0.000999531935520264
   0.0124550564556046    0.0247042958001868
   0.0404259933768031    0.0069459792562377
   0.0523597201389174    0.0154391188046801
   0.0513924471210029   0.00279273996595884
   0.0364237045742122    0.0096862878808568
   0.0363525153474617    0.0161916281692026
   0.0244226434110319  -0.00170606704759744
   0.0598234519010833    0.0174283881018355
   0.0335080390687803    0.0175148054915809
   0.0334516277730133  -0.00247940507405925
   0.0322462063378531  -0.00285088258210666
   0.0457014503508933    0.0217020843884895
   0.0338196505643364  -0.00527224977178838
    0.058432524597237    0.0159536086295082
   0.0204787244859339  0.000484595143940726
   0.0465940571030284    0.0279795360151501
   0.0360475518633372   0.00893859336502341
   0.0381578495587157    0.0206747821102499
-0.000626705445842436    0.0267807112440093
  -0.0209141329147657   0.00524453309224838
  -0.0265606575588101    0.0195745732409743
   0.0119006133078046   0.00797426416883403
  0.00558725849402327    0.0434670583538121
-0.000554261913593997      0.01452204684583
   0.0144287421609553    0.0246064527797358
  0.00387102726853696    0.0320395627181711
  0.00814022257284603     0.017087709550259
 0.000418292920577716   0.00971678000293542
 -0.00344927527196741  -0.00404366677917534
 0.000492980114838645    0.0050167559947259
  0.00231143027080723    0.0160834940113738
   0.0157637948428358    0.0241920420044621
  -0.0289599211450171    0.0338247734092066
-0.000728596883807144    0.0154122973608528
   0.0233133605553432    0.0117558200116948
 -0.00902542373701825    0.0145371105736454
  -0.0192831994332422    0.0217502290483037
   -0.014644230562042   0.00475669596491772
 0.000735363278367601   0.00621554202327082
 -0.00561221216309773    0.0182582119342147
   0.0285042652013469    0.0216518391651332
 0.000284572751212968    0.0196843079843831
  -0.0108586610836332   0.00518922220609087
   0.0161607675826766    0.0327676742569526
  -0.0167408087176839   -0.0030625630594428
  -0.0134021425081167     0.010491998095248
   0.0166506218203009    0.0215210364242939
  -0.0240971775913837    0.0177559562550305
   0.0123407014919557 -0.000479882175599109
  -0.0231799983325633    0.0149132897384087
  -0.0136294036817263    0.0191300743235634
 -0.00396090404100618    0.0220185927021369
   0.0044834710782649    0.0333143986006508
  -0.0175101931828806  -0.00747613787516859
 -0.00908467590071048    0.0110794647414176
  -0.0260891368581426    0.0131895963927739
  -0.0121506471093908   0.00870290387495268
 -0.00447422126406496     0.013116408883812
   0.0053186604967132    0.0368867745298543
  -0.0210142934589437    0.0164746197403302
   -0.011761605567496     0.016175544947375
 -0.00975485351854767    0.0217529505666211
 -0.00650291461474268   0.00105020964869545
   0.0158179408909997    0.0113139541923573
   0.0114708394599675    0.0268083114413643
 -0.00256598526007992    0.0154064171277891
  0.00738202342246146   0.00564899975894834
   0.0051410632925735   0.00636061306751097
  -0.0200282383016966    0.0180044744899998
 -0.00165788424435509   0.00723637408319482
 -0.00182459548347129    0.0394888026198733
   0.0184812600732968   0.00856287540124297
 -0.00539183435671205    0.0164109044504814
-0.000468923212871117   0.00829809676610016
   0.0183758237887969    0.0133341135526154
 -0.00167828578800281    0.0350296163085229
 -0.00668349484999085   0.00803303029245041
   -0.015410029614497    0.0288109742766485
  -0.0169696818146547    0.0124953322217583
 -0.00535396205255378   0.00656097700489826
  -0.0147765116529279    0.0348738044526634
   0.0196894695489286   0.00822238745422966
  -0.0215612848960214    0.0102635571570773
    0.009221550918535     0.013966018739365
  -0.0020672675547959    0.0250756280443435
 -0.00462938288570494    0.0261345647279526
  -0.0248089956731311    0.0356752235781309
  -0.0147062231037282     0.046138647587028
  0.00507049711256972   0.00571393243075269
 -0.00332929131867893   0.00943449981446425
 -0.00388224761584919    0.0206199867544311
 -0.00707040283256362    0.0210820856534846
 -0.00371328512165541      0.01158948035356
-0.000413504842955695   0.00524230301263179
  -0.0047754843614391    0.0025830328689504
  0.00351512222339448    0.0180106481304764
 -0.00783849977143172    0.0187849690299252
  0.00339761623653114    0.0218488461616314
  0.00831738000540186  -0.00380159461978828
  0.00495929580899952    0.0194306163376568
   0.0131957515494157    0.0435922776395961
  0.00622327060606369    0.0213040121536461
  -0.0230050157395475    0.0330847276101366
 -0.00260225537600536    0.0247668574373744
 -0.00443094626528336    0.0382837106006355
 -0.00793710154182677    0.0246043408782163
 -0.00602690916165403    0.0257383642527429
  -0.0111800072994738   -0.0180440510194509
 -0.00121771538421999    0.0217752663341061
 -0.00400133913091525 -0.000840601930911664
  -0.0144865942098053    0.0187460163830058
   0.0129822258501415    0.0189962129911507
  -0.0176563109266252    0.0268326104233872
-0.000599916629555007  -0.00290771757113528
   0.0037523864173249  -0.00769015716481393
 -0.00801567723782705    0.0164219735175179
 -0.00572538383932385    0.0031129077979841
  -0.0252693994124769    0.0306079028831072
   0.0161493006991178   0.00450945634271093
 -0.00553105800104682    0.0216497445891441
 -0.00887724158745106    0.0118179953972266
 -0.00981759826176795    0.0204278882786408
  0.00139900918477027    0.0117802344789685
  0.00129618121875394    0.0257685851232572
  -0.0187981806244204    0.0307029132827462
   -0.019369055567829    0.0250086779521638
 0.000940477120052637    0.0377242297992979
 -0.00890358271936332   0.00880138623258507
  -0.0106800420466214    0.0135324953317588
  -0.0205045951000508    0.0108365739475066
   -0.021576350338963    0.0190521612831485
  0.00171821623552446    0.0100886316487926
 -0.00443678751041597   0.00828399735095149
   0.0009671499986254    0.0179422105255809
  -0.0177597989897162    0.0296960562610963
  0.00860466427685477   0.00978662468904053
 -0.00739313045423645  -0.00471956108837561
 -0.00571949857981543    0.0207725055928344
  -0.0112492650572839    0.0229999525994256
   0.0117617862995878    0.0466416235368818
 -0.00727155761703411    0.0157087178141491
  0.00475380583954825    0.0258586356777516
   -0.021901365131726    0.0238285477830825
  -0.0164611746747284    0.0276017550372135
  0.00772966238668552   0.00135534697970897
  -0.0130900352814294   0.00951555982745631
 -0.00650786180931282    0.0248724943384019
   0.0135962002697391 -0.000222236487005704
  -0.0085202370177852    0.0364362978840705
   0.0059155110991959    0.0120953089314164
   0.0151892252679641    0.0249428685504385
 -0.00155942430840562    0.0284731425113676
  0.00276970573771976   0.00915732079623814
 -0.00233447450955264    0.0196388073884115
  0.00716501847881128   0.00722642729387744
    0.012545550049493   0.00965469166924213
  -0.0050925071982777   0.00200344589989238
   0.0181613594918825    0.0055446346527669
 -0.00104033210733353    0.0107586852425181
  0.00440759920527321    0.0148119584791846
  0.00520159764515607    0.0193853947771315
 -0.00131957876346311   0.00623750579831279
  -0.0177468801644326 -0.000617523330897183
 -0.00172675794431861    0.0195904124820797
 -0.00934858640179143   0.00864137122280201
 0.000155949406029531    0.0092924204195341
  -0.0165888275737655    0.0292272432917283
 -0.00708285956711926    0.0288052954389599
  0.00857094110656525    0.0175891926367422
   0.0135169525766655  0.000306402395861194
  0.00307599070565702   0.00527425062367456
  -0.0169790873329208    0.0295744179361291
      0.0159187238784    0.0170590939052649
  0.00763865849743634    0.0204401282788727
 -0.00812358126024156     0.023643748844919
  -0.0125238443571366   0.00194403960918277
  -0.0248224953885414  0.000869270036375556
-0.000601673180780681     0.006154547423474
 -0.00489339102269546    0.0303669277901102
 -0.00282269447226557    0.0150192295464389
  0.00957080690609154    0.0186535686393326
   -0.019970141556696   0.00262540399402876
  0.00533401040400497  -0.00124005769621235
 -0.00760167645226795   0.00446961451555082
  0.00640847344177891    0.0302754212255377
   -0.022427893123685    0.0463330890636697
  -0.0255432600555775    0.0514523353946704
  -0.0526045121228073    0.0660598174636866
  -0.0482023897206911    0.0458075672820979
  -0.0446056946288267    0.0405831927601028
  -0.0429782923259435    0.0384041097001117
  -0.0337897489739137    0.0267995073903172
  -0.0293307000408608    0.0325701000234315
   -0.014048685239403    0.0535111660477178
   -0.026258591046067    0.0513784315516344
  -0.0364395840789435    0.0640869088474037
  -0.0352745771172343    0.0366872729483668
  -0.0345826701396363    0.0449431551324581
  -0.0639890681302029    0.0323846685441588
  -0.0238756267691909    0.0805182890664103
  -0.0354451113114607    0.0413862297790864
  -0.0151743740372757    0.0384418911373785
  -0.0327166579840603    0.0250163697063907
  -0.0480390956869663    0.0396097621925335
  -0.0461009286280859    0.0471901101200979
  -0.0310065766675445    0.0588890120523294
  -0.0414344494316268    0.0366496562512032
  -0.0405310697676673    0.0421969485407821
  -0.0203251334635293    0.0535059403181288
  -0.0177557003881909    0.0189911809834451
  -0.0355154714799045    0.0503860825982233
  -0.0362035268836941    0.0521603631634908
  -0.0494561812938725    0.0394650793012669
  -0.0377911325144583    0.0440784782876961
  -0.0219963849540872    0.0272018419524554
  -0.0319127445466535    0.0605407619288892
  -0.0493043214373122    0.0448631048967946
  -0.0347567601659414    0.0385523358088794
  -0.0506437537789373    0.0511241985464755
   -0.041360274177966    0.0407558447761518
  -0.0395023395359961    0.0480851845577808
  -0.0404288331430725    0.0344220800345245
  -0.0344127311117153    0.0481371738380741
  -0.0285548592072016    0.0334131443066968
  -0.0494220076834745    0.0345018235447087
  -0.0424606072281687    0.0437635644994694
  -0.0384817194766723    0.0396755101678778
  -0.0451115250295525     0.037029910565311
  -0.0308546264325026    0.0414724806830687
    -0.03741662558561    0.0416082111151919
  -0.0360617854354194    0.0517509504354136
   -0.043799327868084    0.0634847651897799
  -0.0171632937140718    0.0294879326364391
  -0.0349494391968666    0.0425045218969318
  -0.0174351416790128    0.0525901976183329
  -0.0404770849057472    0.0309217348075653
  -0.0315814158400827    0.0422333426812464
   -0.045482811214103     0.071536740217964
  -0.0534754519760745     0.037851063852648
  -0.0340607780601412    0.0534954962525273
  -0.0344128125213535    0.0743043642250687
  -0.0344688522537022    0.0461360561942257
  -0.0367665072543184    0.0314997441122681
  -0.0323407183857981    0.0635918690156956
  -0.0557660574009187    0.0403472725714091
  -0.0472225394719056    0.0499633055122741
   -0.031735473183278     0.077239610131904
  -0.0265822247949666    0.0384579497612202
  -0.0311269861714481    0.0165387628024951
  -0.0232057504059635    0.0401084824683064
  -0.0404173447905994    0.0415653493987207
  -0.0438694023365847    0.0573156255147521
  -0.0491033369051822    0.0490178539489469
  -0.0359156282861306    0.0424160290548769
    -0.03877107767825    0.0439922652813605
  -0.0126624505167704    0.0368745891586909
  -0.0369389398086646     0.050528157802705
  -0.0322351566323472    0.0457587804772335
  -0.0384630637495551    0.0692943019181237
  -0.0279459592386854    0.0345671772208021
  -0.0275393654587518    0.0295526807897233
  -0.0143827816884981    0.0511223452771217
  -0.0426728636606663    0.0577197084099848
  -0.0439762660555113    0.0362126311673901
  -0.0299099153866763    0.0607994352883308
   -0.040226712107665    0.0654717404477941
  -0.0120959411647664     0.034994809695281
  -0.0390376735033656    0.0363613408819314
  -0.0418229062262127    0.0285637290530011
  -0.0299644602090965     0.051050023031801
  -0.0485078715919197    0.0412832315359038
  -0.0264697249391639    0.0468643702453564
  -0.0299180387612681    0.0324009784000707
  -0.0475038747988837    0.0615543768111673
  -0.0400297968003177    0.0386424248085037
  -0.0371974987996549    0.0553862074127936
  -0.0512262185540008    0.0497817673784458
  -0.0483577963317057    0.0418323525916623
  -0.0226916190699886    0.0608555618753008
   -0.022216944485388    0.0559482481446155
  -0.0305708420140298    0.0392221856013347
  -0.0446870721404355    0.0341684662594469
  -0.0388657139707693    0.0543196998261007
  -0.0450538278396912    0.0459865563035075
  -0.0433692989238996    0.0395120736276938
  -0.0356840937592737    0.0364892028086407
  -0.0481851805607162    0.0558049400339194
   -0.047919317304559    0.0342971833542507
  -0.0478818806123123    0.0459078033759524
  -0.0213433430252683    0.0520623659665781
  -0.0603595602469028    0.0352666884543495
  -0.0272673406423869    0.0431981171051817
  -0.0426778940747508    0.0421015141311053
  -0.0583401338448152    0.0681688678403151
   -0.041790464561187    0.0489169656053345
  -0.0269858004609263    0.0590721810304967
  -0.0191001594481235    0.0529406982964749
  -0.0513541608722684    0.0607660461666206
  -0.0345114475526577     0.054006355094518
   -0.029814734761548    0.0229472568042894
  -0.0495396844569443    0.0523553353974639
  -0.0292915332498441     0.032700823455888
  -0.0424271771386204    0.0361967985514998
  -0.0397846080468042    0.0322553791383657
  -0.0449709326261847    0.0413839859438698
  -0.0368428188822794     0.057087298781205
  -0.0484868772257265    0.0264531327642287
  -0.0395735231532106    0.0509740152731723
     -0.0423510091737    0.0468367423330584
   -0.040238635003773    0.0288321560139566
  -0.0409370609217252    0.0368474385237464
  -0.0145850660358719    0.0582328302033639
  -0.0431593709202072    0.0496737050091964
  -0.0419360453403578    0.0421799221184949
  -0.0375275012277533    0.0568199760453673
  -0.0544915711057822    0.0452168038400287
  -0.0416656062763895    0.0409326757654379
  -0.0408194101323973    0.0508346222724902
  -0.0138518763874446    0.0353163890623552
  -0.0362732427898374    0.0446857868435025
  -0.0302980171232876    0.0446023595272049
  -0.0217962966219976    0.0411807510126151
  -0.0386764870209177     0.040624014093477
  -0.0262383672454784    0.0399012353089702
  -0.0382265471774298    0.0648717084059471
  -0.0487994595475849    0.0544268471263104
  -0.0471409425230952     0.046712720070883
  -0.0429834145878575    0.0488104630138894
  -0.0515884089806071     0.040208061142054
  -0.0363777961011837    0.0485899770426102
  -0.0531928288722941    0.0461061428334816
  -0.0425005670739363    0.0488044273829659
  -0.0228512935659461    0.0419759477262228
  -0.0499500773223907    0.0482482192079869
  -0.0316419997608122    0.0531792233839881
  -0.0230829949269376    0.0270999381612184
  -0.0363284764922889     0.045993937626809
  -0.0356209168390563    0.0523477258023773
  -0.0378118712732898    0.0553354713161007
  -0.0265540176815216    0.0193458942015484
  -0.0292168109011499    0.0270178374035363
  -0.0419383436201549    0.0426612424178578
  -0.0376806438137101    0.0652703702018568
  -0.0289823986624286    0.0389133905510767
  -0.0429612600004752    0.0462245837947335
  -0.0384380448147207    0.0357648818913796
  -0.0388862098919084    0.0411976004412353
  -0.0468058382614006    0.0372129857114578
  -0.0406721378550939    0.0332044425457221
   -0.036867841578148    0.0357276765721817
  -0.0577118282888674    0.0410993886004106
  -0.0328889455573445    0.0589802964537036
   0.0428865973205848   -0.0020210919005175
   0.0461341209640137    0.0180871447422681
   0.0314932336090478    -0.016196228588754
   0.0403513933042337   -0.0101344707464485
   0.0441556943654709    -0.005640529516915
   0.0381574680694306   -0.0183519684984672
   0.0421166062081826   -0.0132179999527755
   0.0553380051452648    0.0159797508495719
   0.0325860926032428   -0.0184781929276513
   0.0400560231523798   -0.0140526643030881
   0.0336747346825515   -0.0049893602949745
   0.0288350115590483    0.0016191282046574
   0.0512570316857271   -0.0191307133520446
   0.0178040327642215 -0.000618872303005596
   0.0479446771258981  -0.00770662609418917
   0.0480089163612944   -0.0179357873720335
   0.0443229820558615  -0.00656590672362064
   0.0591516433876987    0.0123288802165516
   0.0387299624622163   -0.0108803072632691
   0.0378092430735186   0.00180828628118922
   0.0468169457932929    0.0107141406134693
   0.0395592622392396    -0.019081899002464
   0.0343966553245923  -0.00895979963675052
   0.0309466332098114  -0.00623235362040107
   0.0232104438730573   -0.0283581541172318
   0.0539231987279414  -0.00248049904751263
   0.0162812885913011   0.00160728201104001
   0.0590800728889811    0.0161193772097164
   0.0530721734654467    0.0159708996042113
   0.0223576114438051   0.00891326725297639
   0.0483726471430755  -0.00212558690579515
   0.0415124595483944   -0.0340398722321265
   0.0540406744391222  -0.00250093044364448
   0.0380449220102511   -0.0159841361685423
   0.0513900463369767   0.00832422473652816
    0.048083766623683  -0.00627173630995212
   0.0411272630788253   -0.0215899836523731
   0.0469593975974788  -0.00557119079944714
   0.0415587882722432   -0.0144172545366653
   0.0319569257123015  -0.00477201444465779
   0.0407289512447314    -0.020219220460538
   0.0378716769326604   -0.0252449346464516
   0.0449801171566384  0.000434129352606845
   0.0322097769746171    0.0114335771750887
   0.0461430022343315  -0.00948249373486233
    0.053904825765954   -0.0138037198686349
    0.055554488222196    -0.013924334925266
   0.0576109167970483  -0.00811657805497502
   0.0415041131504151  -0.00801558878535493
   0.0610101384338441   0.00681064760138207
   0.0360569020867131   0.00234563235321594
   0.0408732334383919   0.00114906330265299
    0.040957182872081   -0.0129169301772892
   0.0564035433449109  -0.00990457814131321
   0.0301359187980295   -0.0086223695838763
   0.0330570090564126    0.0133695816901289
   0.0246959844487171  -0.00760575606026309
   0.0431485642387539   0.00329672097715391
   0.0312163268910706   -0.0162659987420596
   0.0528949530923509  -0.00697355965019484
   0.0413819495739506   -0.0107433196594951
    0.040104222905619  0.000817268663302616
   0.0304165413596413   0.00675376744162924
   0.0548643315662498   0.00395051643388013
   0.0524249618784358  -0.00278448598582832
   0.0426209036683922  -0.00779826136207767
   0.0540360916859111  -0.00255265861220141
   0.0290467821614242   0.00405969379053481
   0.0528934703460074     0.010608215869018
   0.0574915765399497   0.00616100469239709
   0.0340841227207963   0.00026203829633039
   0.0303226895120421  -0.00995130420547708
   0.0545057917270031   -0.0158777707146033
   0.0271447459800546  0.000374617224782423
   0.0536211365208748   0.00293928335875507
   0.0330340140912255  -0.00472141669812716
   0.0268567673310532   -0.0145623427621092
   0.0313207487104545  0.000452270012598359
    0.040440536919867   -0.0115642549485076
   0.0324007270971363  -0.00748249277046615
   0.0545358064159904    0.0026765054585718
   0.0353963671818099   -0.0184033927746266
    0.031171288617184  -0.00552299231042348
    0.021847438165543  -0.00532880865457635
   0.0295301540074054   -0.0169779803465214
   0.0241770677462961   -0.0131022055787605
   0.0334494356891402  -0.00255379814532032
   0.0274613319288994   -0.0114324766614434
   0.0371545667821013  -0.00321184576621023
   0.0478341658395088   0.00214823097666074
   0.0404813954609011   0.00444562773597616
   0.0230061555158342 -0.000101486905110653
   0.0302783630543669   -0.0147139203004111
   0.0407101578968826   0.00162211092665252
   0.0357697952592962   -0.0102797640002239
   0.0432346863257774    0.0274102451039574
   0.0455700623028719    0.0152830233289524
    0.045577555886968  -0.00131794635920461
   0.0395745294415403  -0.00491704857551602
   0.0488424558677413   0.00244907215917751
   0.0414355479046528   -0.0190398887472955
   0.0427650185149152  -0.00444336356014703
   0.0619239993162738 -0.000226937501830688
   0.0104624596122281   0.00262034078025343
   0.0283090290806323  -0.00524118757536692
   0.0598357166032809   0.00763795320280459
   0.0585154543832748  -0.00278102118310652
    0.044518315286473   -0.0179568164327679
     0.03199121652392  -0.00113033019491231
   0.0314160222362484    -0.001758152440148
    0.039900274633945    -0.020493249883915
    0.019392841248773   0.00469872589441518
   0.0483534847250978  0.000142515986158093
   0.0423631383430352 -0.000566438130306642
   0.0291595611682968     -0.02431141901308
   0.0517054615569014   -0.0243318611992036
   0.0433678478752624   -0.0282413926825034
   0.0295685188117857   0.00577873416957647
   0.0356581605618983  -0.00619861790457645
   0.0313020611522569   -0.0333828561332811
   0.0203120070331233   -0.0165295851475324
   0.0342463918060294   -0.0197471908493251
    0.032637480338578   0.00744743635562739
   0.0563250537556354   -0.0241476756666204
   0.0204187035864722   0.00650600107308067
   0.0221074648310074    0.0142346957710254
   0.0481477598270905   -0.0253961714166526
    0.063202120489469   0.00949312287924062
   0.0403310634553089  -0.00744334820914498
   0.0499511210139551   -0.0131118130860422
   0.0408357113747233   -0.0112986597078616
   0.0400980394207431  -0.00341149407883009
     0.04688728842052 -0.000821484440994793
   0.0490465036697766     -0.00538261928026
   0.0364663447336321   -0.0290612739444453
   0.0535313277013512    0.0219812083098279
   0.0326166498818742    0.0179882570976383
   0.0572906108748749  0.000700702436850345
   0.0385072361815585   -0.0212129628395132
   0.0413287530549859  -0.00318321704407699
   0.0279626384412881  -0.00654145967443001
   0.0273758826291544   -0.0240701520585071
   0.0543955323116484 -9.87837166178637e-05
   0.0368348235716097   -0.0125214791229728
    0.013450672947008   0.00087094488599221
   0.0332848957967539  -0.00534598262270195
   0.0354304724570663 -0.000879097352882194
   0.0479503748273782  -0.00496078383040856
   0.0277003840883628   -0.0116520318378288
    0.066619785621079  -0.00568438857201471
   0.0395636324835286  -0.00414589943011098
   0.0421751393047468    0.0141170728938349
   0.0407486117199351    -0.016136913443672
   0.0694488357315156    0.0111192929352054
   0.0460680306790969  -0.00998097227555047
   0.0471028458469124   -0.0158888564828656
   0.0243609677722418    0.0088220993077255
   0.0570080245611902  -0.00276098967228261
   0.0402892018989457   -0.0059353666659755
   0.0221618475813267   -0.0104187466832772
   0.0753528247111903   -0.0143055413411805
   0.0518321051639539    0.0244564304206264
   0.0406482947563838  0.000889930207184473
   0.0429555417413017   -0.0241917462202248
   0.0422181238246604   -0.0345086932215643
   0.0595979392277275   -0.0080150994812583
   0.0165015557127163   -0.0140202690548007
   -0.048744251450594   -0.0215482535779326
  -0.0113205804311477    -0.037249456102273
  -0.0402204023366163   -0.0324798959666596
  -0.0149539662850274   -0.0356354009199567
  -0.0216104575897217   -0.0143373628593187
  -0.0362686870984826   -0.0217698897019188
 -0.00537058731979264  -0.00747121966237857
  -0.0222620756603081   -0.0242311969108875
  -0.0250053197204048   -0.0340998833254294
  -0.0124670968472848   -0.0397975513808641
  -0.0218566651332464   -0.0326013067977001
 -0.00986827231535054    -0.036629819533157
   -0.025979291392863   -0.0432696459659204
  -0.0229428729909048   -0.0170366786758005
  -0.0212232490501948   -0.0404161903273588
  -0.0296285528162378   -0.0457731973070414
  -0.0312024116803731   -0.0294044034954804
  -0.0307456761054145   -0.0314818930119096
  -0.0115239034293968    -0.047582270090653
  -0.0116238019620998   -0.0239233093882348
  -0.0332843348503611   -0.0114825458583111
   -0.013002144383107   -0.0209498588272688
  -0.0327962393163795   -0.0289456698451348
  -0.0227779280647178   -0.0319440768834211
   -0.021504819058013   -0.0410620401556103
   -0.017611792779731   -0.0148369006975591
  -0.0230767393911426    -0.030252477328699
  -0.0244404176353125   -0.0216709489596597
 -0.00925732321526657   -0.0334264194782686
  -0.0311122235292956   -0.0325178911213939
  -0.0137536085597448   -0.0339519146014984
  -0.0182610513765052   -0.0479966332312007
   -0.015886748052701   -0.0508524484051299
  -0.0162883285026274   -0.0258500769942768
  -0.0242804758630701   -0.0180598905873311
  -0.0308307295134999   -0.0336048374206599
  -0.0125394832631685   -0.0341938013694344
 -0.00906040705721496    -0.027421265727607
 0.000614004190579615   -0.0302979637017705
  0.00442418666101671    -0.046454092808689
    -0.01371623473815   -0.0422801747244986
 -0.00789142643361195   -0.0275541772094753
  -0.0248163808116513   -0.0328454638258941
  -0.0270281101238859   -0.0295670426328637
  -0.0340966142190904   -0.0451471869824355
  -0.0294835277684907   -0.0323112399031448
 -0.00954979951406991   -0.0203077460579675
  -0.0260528548477064   -0.0262517190654682
  -0.0302242910168278   -0.0136171429463525
  -0.0300169867818407   -0.0473494255284819
  -0.0166261816071984    -0.024230994403565
  -0.0268788448840738   -0.0440566611149379
  -0.0200707993118198   -0.0226934410488058
  -0.0169674192680239   -0.0369605874560195
  -0.0376796496545935   -0.0249498535903883
   0.0061264489293767   -0.0314286607349048
 -0.00244795761113611   -0.0418500488069729
  -0.0329953522634005   -0.0502919825686353
   -0.022377702627434   -0.0290703477973639
   -0.041022524371138   -0.0288781949230757
   -0.013999669654598   -0.0312354668805831
  -0.0312503587430503   -0.0263783366637479
  -0.0203976617629644   -0.0286606411597711
  -0.0396792718905006     -0.02869634418562
   -0.039062457425918   -0.0197502596826553
  -0.0222118844049569   -0.0214789707616144
  -0.0115100819651764   -0.0351900156467907
   -0.029183537793122   -0.0397298484142791
  -0.0230464694291039   -0.0170429253247959
    -0.03049592560687   -0.0460558878180606
 -0.00586978999171102   -0.0297095215277972
  -0.0144095288978569   -0.0434441770372312
  -0.0431888796592738   -0.0312996254519983
  -0.0256685526979506   -0.0366444147199526
  -0.0368266438444564   -0.0410453804743997
  -0.0388669249931718   -0.0235595000394981
    -0.03342326206853   -0.0357860506571107
  -0.0124892450933566   -0.0239032397162045
  -0.0339460522508457   -0.0315527006854481
  -0.0273242150228388   -0.0359931540601239
   -0.017355060095851    -0.028017309928083
  -0.0227298119534213    -0.034826776112075
  -0.0163436589705115   -0.0339575823837229
  -0.0348136507839704    -0.048220557777249
  -0.0194384037438118  -0.00843951061953135
   -0.014860933622161   -0.0382891292144105
  -0.0283676489148165   -0.0299130570511562
  -0.0352527126151334   -0.0579928339120571
  -0.0302062124351931   -0.0169752215625343
  -0.0243613652624854   -0.0451416712763262
  -0.0367972933679301   -0.0373717592914699
  -0.0129673324367165  -0.00141644885049152
  -0.0210203150853396   -0.0196940443272433
  -0.0247279370997161   -0.0247542952030211
  -0.0286187346316028   -0.0236839484164557
  -0.0113816272677288   -0.0290910419299904
 -0.00475337599140807   -0.0310569348112434
  -0.0285562283390012   -0.0380780314606698
  -0.0160817583058003   -0.0372610477456657
  -0.0363394949942581   -0.0349495316387248
  -0.0278618896360209   -0.0362298281680919
  -0.0250664803886021   -0.0276287104689987
  -0.0178110241020445   -0.0248659703408439
  -0.0269547010352414   -0.0420568465444506
  -0.0373565413404781   -0.0321914246986222
 -0.00898278761955906    -0.022548098809893
  -0.0187577044699989  -0.00342299878165656
  -0.0382201275668493   -0.0425814760603595
  -0.0173945892714738   -0.0322423371941214
  -0.0111297584717276    -0.013752524345347
  -0.0210404522710592   -0.0332544874232504
   -0.031403588388934   -0.0324891403909439
  -0.0410534599157164   -0.0247625351724539
  -0.0162833725181199   -0.0233940722361838
  -0.0352190732753111   -0.0247128228455355
  -0.0256347344735172   -0.0285469941438001
 -0.00731535102107693   -0.0127712604590224
  -0.0214101573953682   -0.0427322420546062
  -0.0210830530236299    -0.032869091600938
  -0.0384576226261566  -0.00852935242651691
  -0.0350680467046471   -0.0325521429983285
  -0.0204598339680278   -0.0495853555757685
  -0.0223354671612107   -0.0485382241366291
  0.00631713504301164   -0.0254112993923677
  0.00960658017458607   -0.0340627149234097
  -0.0117277451684554   -0.0510111147909599
  -0.0290549241157241   -0.0197123097830639
  -0.0288973399832362   -0.0217676772088287
 -0.00654357961230166   -0.0323476953663046
 -0.00655761744913191   -0.0378986091085793
    -0.01951663010319   -0.0115506903410398
  -0.0412246007555313   -0.0265918766915081
  -0.0367181577117524   -0.0228304250646295
  -0.0125742614145108   -0.0432350429857648
  -0.0221004700907529   -0.0433265940389572
   -0.011746919927091   -0.0259530187680279
  -0.0238394866062822   -0.0142678889335739
  -0.0300162841027771   -0.0252662449296931
  -0.0172194950438779   -0.0294385758147854
  -0.0270862945887289   -0.0168034683172099
  -0.0283961091882594   -0.0207713659653371
  0.00103944881705244    -0.014599198956014
  -0.0331285226617293   -0.0499224330924457
   -0.020198789297345   -0.0408324219636961
  -0.0266588782018576   -0.0127609757958553
  -0.0340393302910025   -0.0443897601537658
  0.00926667449895383   -0.0449055199411745
  -0.0240384211306539   -0.0400065958653594
   -0.013253178962416   -0.0275202967803435
  -0.0254243914384295   -0.0244173334173206
  -0.0409502523456392   -0.0395290769760371
  -0.0357115905349065   -0.0411286935581238
   -0.039558548766591   -0.0309965605591885
  -0.0223618589548255   -0.0309274419342721
  -0.0143558639332764   -0.0297364495728037
  -0.0332867440367096   -0.0230910760405976
  -0.0174596551233984   -0.0251402757881035
  -0.0218652610396701   -0.0209042576403855
  -0.0476718307743659   -0.0294435759108751
  -0.0137289899839261   -0.0366999443716431
  -0.0266536398138897   -0.0189007638221988
  -0.0244992496365993   -0.0307278520960405
  -0.0173073676594456   -0.0379452649804422
  -0.0126252445154028   -0.0581344533737372
  -0.0375745130282147   -0.0274410674549811
  -0.0360053637902558   -0.0325432629650689
  -0.0354920757250155   -0.0294784714003802
